  1    1                2 0.000e+00 
  2    2                3 0.000e+00 
  3    3                5 0.000e+00 
  4    3                8 0.000e+00 
  5    4               13 0.000e+00 
  6    4               22 0.000e+00 
  7    5               36 0.000e+00 
  8    5               60 0.000e+00 
  9    5              100 0.000e+00 
 10    6              167 0.000e+00
 11    6              279 0.000e+00 
 12    6              465 0.000e+00 
 13    7              777 0.000e+00 
 14    7             1297 0.000e+00 
 15    7             2165 0.000e+00 
 16    7             3614 0.000e+00 
 17    8             6031 0.000e+00 
 18    8            10065 0.000e+00 
 19    8            16795 0.000e+00 
 20    8            28024 0.000e+00 
 21    9            46737 0.000e+00 
 22    9            77953 0.000e+00 
 23    9           130031 0.000e+00 
 24    9           216910 0.000e+00
 25    9           359648 0.000e+00
 26   10           603539 0.000e+00 
 27   10           994988 0.000e+00
 28   10          1655440 1.562e-02
 29   10          2757201 0.000e+00
 30   10          4592954 3.125e-02
 31   11          7650959 4.688e-02
 32   11         12747909 7.812e-02 
 33   11         21349688 1.406e-01 
 34   12         35683757 2.344e-01 
 35   12         59567225 3.750e-01 
 36   12         98966157 6.406e-01 
 37   13        164618756 1.078e+00 
 38   13        274122736 1.766e+00 
 39   13        456303055 2.969e+00  
 40   13        760090547 4.984e+00 
 41   14       1273016749 8.203e+00 
 42   14       2116321458 1.367e+01 
 43   14       3521820551 2.317e+01 
 44   15       5870259083 3.845e+01 
 45   15       9772394896 6.373e+01 
 46   15      16281376133 1.069e+02 
 47   15      27129192812 1.767e+02 
 48   16      45196383300 2.988e+02 
 49   16      75312736798 4.955e+02 
 50   16     125486677694 8.277e+02 