  1    1                2 0.000e+00 
  2    2                3 0.000e+00 
  3    3                5 0.000e+00 
  4    3                8 0.000e+00 
  5    4               13 0.000e+00 
  6    4               22 0.000e+00 
  7    5               36 0.000e+00 
  8    5               60 0.000e+00 
  9    5              100 0.000e+00 
 10    6              167 0.000e+00 
 11    6              279 0.000e+00 
 12    6              465 0.000e+00 
 13    7              777 0.000e+00 
 14    7             1297 0.000e+00 
 15    7             2165 0.000e+00 
 16    7             3614 0.000e+00 
 17    8             6031 0.000e+00 
 18    8            10065 0.000e+00 
 19    8            16795 0.000e+00 
 20    8            28011 0.000e+00 
 21    9            46724 0.000e+00 
 22    9            77940 0.000e+00 
 23    9           130018 0.000e+00 
 24    9           216884 0.000e+00
 25    9           361795 1.562e-02 
 26   10           603539 0.000e+00 
 27   10          1000749 0.000e+00
 28   10          1663374 1.562e-02 
 29   10          2768749 1.562e-02
 30   11          4606649 3.125e-02
 31   11          7672601 4.688e-02
 32   11         12781086 9.375e-02
 33   12         21290838 1.406e-01
 34   12         35474502 2.188e-01
 35   12         59105076 3.906e-01
 36   13         98482681 6.406e-01
 37   13        164098820 1.094e+00
 38   13        273430989 1.844e+00
 39   14        455616576 2.938e+00 
 40   14        759189202 5.078e+00
 41   14       1265032871 8.203e+00
 42   14       2118783523 1.355e+01
 43   15       3541386023 2.288e+01
 44   15       5881723682 3.830e+01
 45   16       9792289414 6.305e+01
 46   16      16308472027 1.075e+02
 47   16      27147111862 1.780e+02
 48   16      43426620466 2.849e+02
 49   17      70544768905 4.536e+02
 50   17     113942425948 7.276e+02