  1    1                2 2.943e-06 
  2    2                3 7.830e-07 
  3    3                5 8.080e-07 
  4    3                7 1.613e-05 
  5    4                9 1.520e-06 
  6    4               12 1.142e-06 
  7    5               15 1.253e-06 
  8    5               18 1.380e-06 
  9    5               21 1.480e-06 
 10    6               25 1.650e-06 
 11    6               29 2.691e-06 
 12    6               33 1.326e-06 
 13    7               37 1.453e-06 
 14    7               41 1.558e-06 
 15    7               46 1.753e-06 
 16    7               51 1.742e-06 
 17    8               56 1.749e-06 
 18    8               61 1.908e-06 
 19    8               66 1.873e-06 
 20    8               70 4.117e-06 
 21    9               74 4.509e-06 
 22    9               78 2.754e-06 
 23    9               82 2.810e-06 
 24    9               86 2.511e-06 
 25    9               90 2.316e-06 
 26   10               94 2.295e-06 
 27   10               97 2.411e-06 
 28   10              100 2.405e-06 
 29   10              103 1.800e-05 
 30   11              106 2.488e-06 
 31   11              109 2.433e-06 
 32   11              112 2.356e-06 
 33   12              115 2.464e-06 
 34   12              118 2.474e-06 
 35   12              121 2.422e-06 
 36   13              124 2.553e-06 
 37   13              127 2.493e-06 
 38   13              130 2.580e-06 
 39   14              133 3.108e-06 
 40   14              136 2.681e-06 
 41   14              139 2.703e-06 
 42   15              143 2.740e-06 
 43   15              147 2.876e-06 
 44   15              150 2.878e-06 
 45   16              153 2.982e-06 
 46   16              156 3.052e-06 
 47   16              159 3.211e-06 
 48   16              161 1.869e-05 
 49   17              163 3.251e-06 
 50   17              165 3.303e-06 
 55   20              175 7.204e-06 
 60   22              186 4.889e-06 
 65   24              201 4.473e-06 
 70   26              221 4.439e-06 
 75   27              246 4.821e-06 
 80   28              275 5.505e-06 
 85   29              303 6.373e-06 
 90   31              314 7.140e-06 
 95   33              324 6.743e-06 
100   36              334 6.413e-06 
110   40              362 1.164e-05 
120   43              408 9.370e-06 
130   45              458 9.798e-06 
140   47              513 1.034e-05 
150   49              559 1.090e-05 
160   52              582 1.114e-05 
170   57              604 1.095e-05 
180   60              643 1.162e-05 
190   63              699 1.270e-05 
200   64              756 1.408e-05 
220   71              808 2.211e-05 
240   79              877 2.026e-05 
260   83              974 2.057e-05 
280   90             1027 2.128e-05 
300   97             1095 2.336e-05 
320  102             1185 2.403e-05 
340  112             1231 2.350e-05 
360  116             1318 2.476e-05 
380  121             1423 2.791e-05 
400  129             1465 2.820e-05 
420  135             1559 4.187e-05 
440  140             1626 3.531e-05 
460  149             1673 5.348e-05 
480  154             1768 3.549e-05 
500  160             1832 3.591e-05 
520  168             1893 3.607e-05 
540  172             2010 3.878e-05 
560  179             2066 3.952e-05 
580  186             2143 4.158e-05 
600  190             2250 4.253e-05 
620  197             2309 4.586e-05 
640  204             2381 4.527e-05 
660  209             2469 4.746e-05 
680  215             2528 4.804e-05 
700  223             2589 5.071e-05 
720  228             2677 6.676e-05 
740  237             2725 5.198e-05 
760  242             2822 5.335e-05 
780  246             2920 5.548e-05 
800  255             2964 5.576e-05