  1    1                2 8.464e-06 
  2    2                3 1.372e-06 
  3    3                5 1.481e-06 
  4    3                7 1.577e-06 
  5    4                9 1.696e-06 
  6    4               12 2.098e-06 
  7    5               15 2.153e-06 
  8    5               18 2.490e-06 
  9    5               21 2.494e-06 
 10    6               25 2.770e-06 
 11    6               29 2.807e-06 
 12    6               33 1.299e-06 
 13    7               37 1.356e-06 
 14    7               41 1.481e-06 
 15    7               46 1.688e-05 
 16    7               51 1.482e-06 
 17    8               56 1.626e-06 
 18    8               61 1.553e-06 
 19    8               66 1.664e-06 
 20    8               71 1.762e-06 
 21    9               75 4.043e-06 
 22    9               79 2.532e-06 
 23    9               83 2.541e-06 
 24    9               86 2.367e-06 
 25    9               89 2.317e-06 
 26   10               92 2.356e-06 
 27   10               95 2.315e-06 
 28   10               98 2.331e-06 
 29   10              101 2.186e-06 
 30   11              104 2.175e-06 
 31   11              107 2.206e-06 
 32   11              110 2.242e-06 
 33   12              113 2.294e-06 
 34   12              117 2.412e-06 
 35   12              121 2.415e-06 
 36   13              125 2.409e-06 
 37   13              128 2.472e-06 
 38   13              131 2.501e-06 
 39   14              134 2.689e-06 
 40   14              137 2.716e-06 
 41   14              140 2.843e-06 
 42   14              143 2.790e-06 
 43   15              146 2.883e-06 
 44   15              149 2.815e-06 
 45   15              152 2.860e-06 
 46   16              155 2.837e-06 
 47   16              158 2.956e-06 
 48   16              161 2.921e-06 
 49   17              164 2.991e-06 
 50   17              167 3.058e-06 
 55   19              182 7.424e-06 
 60   21              193 6.669e-06 
 65   23              207 7.054e-06 
 70   25              227 7.521e-06 
 75   26              252 8.358e-06 
 80   27              281 9.487e-06 
 85   28              307 1.070e-05 
 90   30              319 1.193e-05 
 95   32              329 1.176e-05 
100   35              339 9.849e-06 
110   40              362 1.464e-05 
120   43              405 1.505e-05 
130   45              455 1.667e-05 
140   47              509 1.909e-05 
150   49              555 2.075e-05 
160   52              577 1.709e-05 
170   57              597 2.804e-05 
180   61              634 1.771e-04 
190   63              689 2.532e-05 
200   65              742 2.755e-05 
220   72              794 3.657e-05 
240   79              870 3.526e-05 
260   83              968 2.275e-05 
280   90             1022 2.016e-05 
300   98             1084 2.078e-05 
320  103             1171 2.216e-05 
340  113             1217 2.214e-05 
360  117             1306 2.357e-05 
380  122             1404 1.509e-04 
400  131             1447 5.182e-05 
420  136             1541 5.376e-05 
440  141             1607 3.393e-05 
460  149             1661 3.566e-05 
480  154             1756 3.433e-05 
500  160             1818 3.443e-05 
520  169             1875 2.623e-04 
540  173             1989 7.209e-05 
560  180             2041 7.266e-05 
580  186             2123 7.514e-05 
600  190             2229 4.640e-04 
620  197             2288 5.280e-05 
640  204             2357 4.881e-05 
660  208             2445 4.875e-05 
680  214             2512 1.221e-04 
700  222             2576 5.438e-05 
720  226             2670 5.270e-05 
740  235             2718 5.197e-05 
760  240             2815 5.303e-05 
780  243             2921 5.526e-05
800  252             2964 5.656e-05