  1    1                2 2.000e-09 
  2    2                3 3.000e-09 
  3    3                5 5.000e-09 
  4    3                8 8.000e-09 
  5    4               12 1.200e-08 
  6    4               17 1.700e-08 
  7    5               22 2.200e-08 
  8    5               28 2.800e-08 
  9    5               35 3.500e-08 
 10    6               43 4.300e-08 
 11    6               51 5.100e-08 
 12    6               59 5.900e-08 
 13    7               68 6.800e-08 
 14    7               78 7.800e-08 
 15    7               89 8.900e-08 
 16    7              100 1.000e-07 
 17    8              111 1.110e-07 
 18    8              122 1.220e-07 
 19    8              134 1.340e-07 
 20    8              147 1.470e-07 
 21    9              160 1.600e-07 
 22    9              173 1.730e-07 
 23    9              184 1.840e-07 
 24    9              195 1.950e-07 
 25    9              203 2.030e-07 
 26   10              211 2.110e-07 
 27   10              219 2.190e-07 
 28   10              226 2.260e-07 
 29   10              233 2.330e-07 
 30   10              240 2.400e-07 
 31   11              247 2.470e-07 
 32   11              254 2.540e-07 
 33   11              261 2.610e-07 
 34   12              268 2.680e-07 
 35   12              275 2.750e-07 
 36   12              282 2.820e-07 
 37   13              289 2.890e-07 
 38   13              296 2.960e-07 
 39   13              303 3.030e-07 
 40   14              310 3.100e-07 
 41   14              317 3.170e-07 
 42   14              325 3.250e-07 
 43   15              333 3.330e-07 
 44   15              341 3.410e-07 
 45   15              350 3.500e-07 
 46   16              358 3.580e-07 
 47   16              366 3.660e-07 
 48   16              374 3.740e-07 
 49   16              381 3.810e-07 
 50   17              388 3.880e-07 
 55   19              413 4.130e-07 
 60   21              435 4.350e-07 
 65   23              469 4.690e-07 
 70   25              512 5.120e-07 
 75   26              568 5.680e-07 
 80   27              637 6.370e-07 
 85   28              714 7.140e-07 
 90   30              743 7.430e-07 
 95   32              763 7.630e-07 
100   35              783 7.830e-07 
110   39              837 8.370e-07 
120   42              941 9.410e-07 
130   44             1071 1.071e-06 
140   46             1206 1.206e-06 
150   48             1329 1.329e-06 
160   52             1379 1.379e-06 
170   57             1423 1.423e-06 
180   60             1517 1.517e-06 
190   62             1659 1.659e-06 
200   64             1803 1.803e-06 
220   70             1925 1.925e-06 
240   77             2096 2.096e-06 
260   81             2341 2.341e-06 
280   88             2470 2.470e-06 
300   96             2594 2.594e-06 
320  101             2806 2.806e-06 
340  111             2901 2.901e-06 
360  115             3120 3.120e-06 
380  120             3382 3.382e-06 
400  128             3472 3.472e-06 
420  134             3685 3.685e-06 
440  139             3849 3.849e-06 
460  147             3959 3.959e-06 
480  152             4186 4.186e-06 
500  159             4331 4.331e-06 
520  166             4465 4.465e-06 
540  171             4750 4.750e-06 
560  178             4883 4.883e-06 
580  185             5038 5.038e-06 
600  189             5323 5.323e-06 
620  195             5483 5.483e-06 
640  203             5635 5.635e-06 
660  208             5846 5.846e-06 
680  214             6013 6.013e-06 
700  222             6137 6.137e-06 
720  227             6362 6.362e-06 
740  236             6457 6.457e-06 
760  241             6698 6.698e-06 
780  244             6972 6.972e-06 
800 253              7059 7.059e-06 