
  1    1                2 0.000e+00 
  2    2                3 0.000e+00 
  3    3                5 0.000e+00 
  4    3                8 0.000e+00 
  5    4               13 0.000e+00 
  6    4               22 0.000e+00 
  7    5               36 0.000e+00 
  8    5               60 0.000e+00 
  9    5              100 0.000e+00 
 10    6              167 0.000e+00 
 11    6              279 0.000e+00 
 12    6              465 0.000e+00 
 13    7              777 0.000e+00 
 14    7             1297 0.000e+00 
 15    7             2165 0.000e+00 
 16    7             3614 0.000e+00 
 17    8             6031 0.000e+00 
 18    8            10065 0.000e+00 
 19    8            16795 0.000e+00 
 20    8            28024 0.000e+00 
 21    9            46758 0.000e+00 
 22    9            78011 0.000e+00 
 23    9           130089 0.000e+00 
 24    9           216968 1.562e-02 
 25    9           359706 0.000e+00 
 26   10           597823 0.000e+00 
 27   10           995046 1.562e-02 
 28   10          1655498 0.000e+00 
 29   10          2757259 3.125e-02 
 30   10          4593012 3.125e-02 
 31   11          7651017 6.250e-02 
 32   11         12747967 9.375e-02 
 33   11         21239691 1.562e-01 
 34   12         35390165 2.500e-01 
 35   12         58969547 4.375e-01 
 36   12         98258424 7.344e-01 
 37   13        163727428 1.203e+00 
 38   13        272817267 2.016e+00 
 39   13        454593881 3.344e+00 
 40   14        757489987 5.609e+00 
 41   14       1262204160 9.375e+00
 42   14       2114047092 1.903e+01 
 43   15       3533472456 3.327e+01
 44   15       5898663878 5.252e+01 
 45   15       9850621736 8.534e+01