  1    1                2 0.000e+00 
  2    2                3 0.000e+00 
  3    3                5 0.000e+00 
  4    3                8 0.000e+00 
  5    4               13 0.000e+00 
  6    4               22 0.000e+00 
  7    5               36 0.000e+00 
  8    5               60 0.000e+00 
  9    5              100 0.000e+00 
 10    6              167 0.000e+00 
 11    6              279 0.000e+00 
 12    6              465 0.000e+00 
 13    7              777 0.000e+00 
 14    7             1297 0.000e+00 
 15    7             2165 0.000e+00 
 16    7             3614 0.000e+00 
 17    8             6031 0.000e+00 
 18    8            10065 0.000e+00 
 19    8            16795 0.000e+00 
 20    8            28040 0.000e+00 
 21    9            46737 0.000e+00 
 22    9            77953 0.000e+00 
 23    9           130031 0.000e+00 
 24    9           215597 0.000e+00
 25    9           358335 0.000e+00
 26   10           596452 0.000e+00 
 27   10           992362 1.562e-02
 28   10          1652814 0.000e+00 
 29   10          2753262 3.125e-02
 30   11          4586389 1.562e-02
 31   11          7641768 6.250e-02
 32   11         12732153 7.812e-02
 33   12         21214686 1.406e-01
 34   12         35531686 2.188e-01
 35   12         59387581 3.750e-01
 36   13         99139094 6.406e-01
 37   13        164715539 1.062e+00
 38   13        273986042 1.781e+00
 39   14        456246075 2.953e+00
 40   14        759466825 4.906e+00
 41   14       1265089857 8.250e+00
 42   14       2107677621 1.347e+01
 43   15       3511272689 2.294e+01
 44   15       5850587300 3.866e+01
 45   15       9748201678 6.441e+01
 46   16      16242917221 1.076e+02
 47   16      27065343653 1.804e+02
 48   16      45098197631 2.974e+02
 49   17      75146984138 4.957e+02
 50   17     125217020901 8.178e+02